Local Coordinates:
xsi = 0.211325, eta = 0.211325
-----------------

Recalling Corners
-----------------
Point 0 coordinates: 0 0 0
Point 1 coordinates: 1 0 0
Point 2 coordinates: 0 1 0
Point 3 coordinates: 1 1 0
V at Corners
-----------------
V at corner #0
-1 0 0
0 -1 0
0 0 1
V at corner #1
-1 0 0
0 -1 0
0 0 1
V at corner #2
-1 0 0
0 -1 0
0 0 1
V at corner #3
-1 0 0
0 -1 0
0 0 1
-----------------
Jacobian
-----------------
1.0e+00   0     0   
  0   1.0e+00 -1.4e-20 
  0     0   5.0e-04 
-----------------
Inverse Jacobian
-----------------
1.0e+00   0     0   
  0   1.0e+00 2.7e-17 
  0     0   2.0e+03 
-----------------
H Jinv
-----------------
1.0e+00   0     0     0     0     0     0     0     0   
  0     0     0     0   1.0e+00 2.7e-17   0     0     0   
  0     0     0     0     0     0     0     0   2.0e+03 
  0   1.0e+00 2.7e-17 1.0e+00   0     0     0     0     0   
  0     0     0     0     0   2.0e+03   0   1.0e+00 2.7e-17 
  0     0   2.0e+03   0     0     0   1.0e+00   0     0   
-----------------
Shape Functions
-----------------
-7.9e-01   0     0     0   -3.1e-04   0   7.9e-01   0     0     0   3.1e-04   0   -2.1e-01   0     0     0   -8.2e-05   0   2.1e-01   0     0     0   8.2e-05   0   
-7.9e-01   0     0     0   -3.1e-04   0   -2.1e-01   0     0     0   -8.2e-05   0   7.9e-01   0     0     0   3.1e-04   0   2.1e-01   0     0     0   8.2e-05   0   
  0     0     0     0   -3.1e-04   0     0     0     0     0   -8.3e-05   0     0     0     0     0   -8.3e-05   0     0     0     0     0   -2.2e-05   0   
  0   -7.9e-01   0   3.1e-04   0     0     0   7.9e-01   0   -3.1e-04   0     0     0   -2.1e-01   0   8.2e-05   0     0     0   2.1e-01   0   -8.2e-05   0     0   
  0   -7.9e-01   0   3.1e-04   0     0     0   -2.1e-01   0   8.2e-05   0     0     0   7.9e-01   0   -3.1e-04   0     0     0   2.1e-01   0   -8.2e-05   0     0   
  0     0     0   3.1e-04   0     0     0     0     0   8.3e-05   0     0     0     0     0   8.3e-05   0     0     0     0     0   2.2e-05   0     0   
  0     0   -7.9e-01   0     0     0     0     0   7.9e-01   0     0     0     0     0   -2.1e-01   0     0     0     0     0   2.1e-01   0     0     0   
  0     0   -7.9e-01   0     0     0     0     0   -2.1e-01   0     0     0     0     0   7.9e-01   0     0     0     0     0   2.1e-01   0     0     0   
  0     0     0     0     0     0     0     0     0     0     0     0     0     0     0     0     0     0     0     0     0     0     0     0   
-----------------
Non-Transformed B Matrix
-----------------
-7.9e-01   0     0     0   -3.1e-04   0   7.9e-01   0     0     0   3.1e-04   0   -2.1e-01   0     0     0   -8.2e-05   0   2.1e-01   0     0     0   8.2e-05   0   
  0   -7.9e-01   0   3.1e-04   0     0     0   -2.1e-01   0   8.2e-05   0     0     0   7.9e-01   0   -3.1e-04   0     0     0   2.1e-01   0   -8.2e-05   0     0   
  0     0     0     0     0     0     0     0     0     0     0     0     0     0     0     0     0     0     0     0     0     0     0     0   
-7.9e-01 -7.9e-01   0   3.1e-04 -3.1e-04   0   -2.1e-01 7.9e-01   0   -3.1e-04 -8.2e-05   0   7.9e-01 -2.1e-01   0   8.2e-05 3.1e-04   0   2.1e-01 2.1e-01   0   -8.2e-05 8.2e-05   0   
  0     0   -7.9e-01 6.2e-01   0     0     0     0   -2.1e-01 1.7e-01   0     0     0     0   7.9e-01 1.7e-01   0     0     0     0   2.1e-01 4.5e-02   0     0   
  0     0   -7.9e-01   0   -6.2e-01   0     0     0   7.9e-01   0   -1.7e-01   0     0     0   -2.1e-01   0   -1.7e-01   0     0     0   2.1e-01   0   -4.5e-02   0   



B = [
-7.9e-01,   0,     0,     0,   -3.1e-04,   0,   7.9e-01,   0,    0,    0,  3.1e-04,   0,  -2.1e-01,   0,    0,    0,  -8.2e-05,   0,  2.1e-01,   0,    0,    0,  8.2e-05,   0;  
  0,  -7.9e-01,   0,  3.1e-04,   0,    0,    0,  -2.1e-01,   0,  8.2e-05,   0,    0,    0,  7.9e-01,   0,  -3.1e-04,   0,    0,    0,  2.1e-01,   0,  -8.2e-05,   0,    0;
  0,    0,    0,    0,    0,    0,    0,    0,    0,    0,    0,    0,    0,    0,    0,    0,    0,    0,    0,    0,    0,    0,    0,    0;
-7.9e-01, -7.9e-01,   0,  3.1e-04, -3.1e-04,   0,  -2.1e-01, 7.9e-01,   0,  -3.1e-04, -8.2e-05,   0,  7.9e-01, -2.1e-01,   0,  8.2e-05, 3.1e-04,   0,  2.1e-01, 2.1e-01,   0,  -8.2e-05, 8.2e-05,   0;
  0,    0,  -7.9e-01, 6.2e-01,   0,    0,    0,    0,  -2.1e-01, 1.7e-01,   0,    0,    0,    0,  7.9e-01, 1.7e-01,   0,    0,    0,    0,  2.1e-01, 4.5e-02,   0,    0;  
  0,    0,  -7.9e-01,   0,  -6.2e-01,   0,    0,    0,  7.9e-01,   0,  -1.7e-01,   0,    0,    0,  -2.1e-01,   0,  -1.7e-01,   0,    0,    0,  2.1e-01,   0,  -4.5e-02,   0]


C = [
2.2e+11, 5.6e+10,  0,    0,    0,    0  ;
5.6e+10, 2.2e+11   0,    0,    0,    0  ;
  0,    0,    0,    0,    0,    0  ;
  0,    0,    0,  8.4e+10,  0,    0,  ;
  0,    0,    0,    0,  7.0e+10,  0,  ;
  0,    0,    0,    0,    0,  7.0e+10]




-----------------                                                                                                                                                                                   
H Jinv                                                                                                                                                                                              
-----------------                                                                                                                                                                                   
1.0e+00   0     0     0     0     0     0     0     0
0     0     0     0   1.0e+00 2.7e-17   0     0     0
0     0     0     0     0     0     0     0   2.0e+03
0   1.0e+00 2.7e-17 1.0e+00   0     0     0     0     0
0     0     0     0     0   2.0e+03   0   1.0e+00 2.7e-17
0     0   2.0e+03   0     0     0   1.0e+00   0     0                                                                                                                                             

-----------------
Shape Functions
-----------------

-7.9e-01   0     0     0   -3.1e-04   0            7.9e-01   0     0     0   3.1e-04   0   -2.1e-01   0     0     0   -8.2e-05   0   2.1e-01   0     0     0   8.2e-05   0
-7.9e-01   0     0     0   -3.1e-04   0           -2.1e-01   0     0     0   -8.2e-05   0   7.9e-01   0     0     0   3.1e-04   0   2.1e-01   0     0     0   8.2e-05   0                     
  0        0     0     0   -3.1e-04   0                0     0     0     0   -8.3e-05   0     0     0     0     0   -8.3e-05   0     0     0     0     0   -2.2e-05   0                 
  0   -7.9e-01   0   3.1e-04   0      0                0   7.9e-01   0   -3.1e-04   0     0     0   -2.1e-01   0   8.2e-05   0     0     0   2.1e-01   0   -8.2e-05   0     0          
  0   -7.9e-01   0   3.1e-04   0      0                0   -2.1e-01   0   8.2e-05   0     0     0   7.9e-01   0   -3.1e-04   0     0     0   2.1e-01   0   -8.2e-05   0     0           
  0     0        0   3.1e-04   0      0                0     0     0   8.3e-05   0     0     0     0     0   8.3e-05   0     0     0     0     0   2.2e-05   0     0             
  0     0   -7.9e-01   0       0      0                0     0   7.9e-01   0     0     0     0     0   -2.1e-01   0     0     0     0     0   2.1e-01   0     0     0                            
  0     0   -7.9e-01   0       0      0                0     0   -2.1e-01   0     0     0     0     0   7.9e-01   0     0     0     0     0   2.1e-01   0     0     0                  
  0     0     0        0       0      0                0     0     0     0     0     0     0     0     0     0     0     0     0     0     0     0     0     0  
