 C Matrix =  
2.2e+11 5.6e+10 5.6e+10   0     0     0   
5.6e+10 2.2e+11 5.6e+10   0     0     0   
5.6e+10 5.6e+10 2.2e+11   0     0     0   
  0     0     0   8.4e+10   0     0   
  0     0     0     0   7.0e+10   0   
  0     0     0     0     0   7.0e+10 
2.52e+11 0 0 0 8.4e+10 0 0 0 8.4e+10 0 8.4e+10 0 8.4e+10 0 0 0 0 0 0 0 8.4e+10 0 0 0 8.4e+10 0 0 0 8.4e+10 0 8.4e+10 0 0 0 0 0 8.4e+10 0 0 0 2.52e+11 0 0 0 8.4e+10 0 0 0 0 0 8.4e+10 0 8.4e+10 0 0 0 8.4e+10 0 0 0 8.4e+10 0 0 0 0 0 0 0 8.4e+10 0 8.4e+10 0 8.4e+10 0 0 0 8.4e+10 0 0 0 2.52e+11
----- Q_point = 0 ---------- Z_point = 0.5
 B Matrix =  
-0.789   0     0     0     0     0   0.789   0     0     0     0     0   -0.211   0     0     0     0     0   0.211   0     0     0     0     0   
  0   -0.789   0     0     0     0     0   -0.211   0     0     0     0     0   0.789   0     0     0     0     0   0.211   0     0     0     0   
  0     0     0     0     0     0     0     0     0     0     0     0     0     0     0     0     0     0     0     0     0     0     0     0   
-0.789 -0.789   0     0     0     0   -0.211 0.789   0     0     0     0   0.789 -0.211   0     0     0     0   0.211 0.211   0     0     0     0   
  0     0   -0.789 -0.622   0     0     0     0   -0.211 -0.167   0     0     0     0   0.789 -0.167   0     0     0     0   0.211 -0.045   0     0   
  0     0   -0.789   0   0.622   0     0     0   0.789   0   0.167   0     0     0   -0.211   0   0.167   0     0     0   0.211   0   0.045   0   
----- Q_point = 1 ---------- Z_point = 0.5
 B Matrix =  
-0.789   0     0     0     0     0   0.789   0     0     0     0     0   -0.211   0     0     0     0     0   0.211   0     0     0     0     0   
  0   -0.211   0     0     0     0     0   -0.789   0     0     0     0     0   0.211   0     0     0     0     0   0.789   0     0     0     0   
  0     0     0     0     0     0     0     0     0     0     0     0     0     0     0     0     0     0     0     0     0     0     0     0   
-0.211 -0.789   0     0     0     0   -0.789 0.789   0     0     0     0   0.211 -0.211   0     0     0     0   0.789 0.211   0     0     0     0   
  0     0   -0.211 -0.167   0     0     0     0   -0.789 -0.622   0     0     0     0   0.211 -0.045   0     0     0     0   0.789 -0.167   0     0   
  0     0   -0.789   0   0.167   0     0     0   0.789   0   0.622   0     0     0   -0.211   0   0.045   0     0     0   0.211   0   0.167   0   
----- Q_point = 2 ---------- Z_point = 0.5
 B Matrix =  
-0.211   0     0     0     0     0   0.211   0     0     0     0     0   -0.789   0     0     0     0     0   0.789   0     0     0     0     0   
  0   -0.789   0     0     0     0     0   -0.211   0     0     0     0     0   0.789   0     0     0     0     0   0.211   0     0     0     0   
  0     0     0     0     0     0     0     0     0     0     0     0     0     0     0     0     0     0     0     0     0     0     0     0   
-0.789 -0.211   0     0     0     0   -0.211 0.211   0     0     0     0   0.789 -0.789   0     0     0     0   0.211 0.789   0     0     0     0   
  0     0   -0.789 -0.167   0     0     0     0   -0.211 -0.045   0     0     0     0   0.789 -0.622   0     0     0     0   0.211 -0.167   0     0   
  0     0   -0.211   0   0.167   0     0     0   0.211   0   0.045   0     0     0   -0.789   0   0.622   0     0     0   0.789   0   0.167   0   
----- Q_point = 3 ---------- Z_point = 0.5
 B Matrix =  
-0.211   0     0     0     0     0   0.211   0     0     0     0     0   -0.789   0     0     0     0     0   0.789   0     0     0     0     0   
  0   -0.211   0     0     0     0     0   -0.789   0     0     0     0     0   0.211   0     0     0     0     0   0.789   0     0     0     0   
  0     0     0     0     0     0     0     0     0     0     0     0     0     0     0     0     0     0     0     0     0     0     0     0   
-0.211 -0.211   0     0     0     0   -0.789 0.211   0     0     0     0   0.211 -0.789   0     0     0     0   0.789 0.789   0     0     0     0   
  0     0   -0.211 -0.045   0     0     0     0   -0.789 -0.167   0     0     0     0   0.211 -0.167   0     0     0     0   0.789 -0.622   0     0   
  0     0   -0.211   0   0.045   0     0     0   0.211   0   0.167   0     0     0   -0.789   0   0.167   0     0     0   0.789   0   0.622   0   
V1, V2, V3 = 

1 0 -0
0 -1 -0
0 0 1
WMU method K matrix = 

1.0e+08 3.5e+07    0       0       0       0    -6.1e+07 -7.0e+06    0       0       0       0    9.3e+06 7.0e+06    0       0       0       0    -5.1e+07 -3.5e+07    0       0       0       0    
3.5e+07 1.0e+08    0       0       0       0    7.0e+06 9.3e+06    0       0       0       0    -7.0e+06 -6.1e+07    0       0       0       0    -3.5e+07 -5.1e+07    0       0       0       0    
   0       0    4.7e+07 1.2e+07 -1.2e+07    0       0       0    -1.2e+07 5.8e+06 -1.2e+07    0       0       0    -1.2e+07 1.2e+07 -5.8e+06    0       0       0    -2.3e+07 5.8e+06 -5.8e+06    0    
   0       0    1.2e+07 7.8e+06    0       0       0       0    5.8e+06 3.9e+06    0       0       0       0    -1.2e+07 3.9e+06    0       0       0       0    -5.8e+06 1.9e+06    0       0    
   0       0    -1.2e+07    0    7.8e+06    0       0       0    1.2e+07    0    3.9e+06    0       0       0    -5.8e+06    0    3.9e+06    0       0       0    5.8e+06    0    1.9e+06    0    
   0       0       0       0       0    1.0e+00    0       0       0       0       0       0       0       0       0       0       0       0       0       0       0       0       0       0    
-6.1e+07 7.0e+06    0       0       0       0    1.0e+08 -3.5e+07    0       0       0       0    -5.1e+07 3.5e+07    0       0       0       0    9.3e+06 -7.0e+06    0       0       0       0    
-7.0e+06 9.3e+06    0       0       0       0    -3.5e+07 1.0e+08    0       0       0       0    3.5e+07 -5.1e+07    0       0       0       0    7.0e+06 -6.1e+07    0       0       0       0    
   0       0    -1.2e+07 5.8e+06 1.2e+07    0       0       0    4.7e+07 1.2e+07 1.2e+07    0       0       0    -2.3e+07 5.8e+06 5.8e+06    0       0       0    -1.2e+07 1.2e+07 5.8e+06    0    
   0       0    5.8e+06 3.9e+06    0       0       0       0    1.2e+07 7.8e+06    0       0       0       0    -5.8e+06 1.9e+06    0       0       0       0    -1.2e+07 3.9e+06    0       0    
   0       0    -1.2e+07    0    3.9e+06    0       0       0    1.2e+07    0    7.8e+06    0       0       0    -5.8e+06    0    1.9e+06    0       0       0    5.8e+06    0    3.9e+06    0    
   0       0       0       0       0       0       0       0       0       0       0    1.0e+00    0       0       0       0       0       0       0       0       0       0       0       0    
9.3e+06 -7.0e+06    0       0       0       0    -5.1e+07 3.5e+07    0       0       0       0    1.0e+08 -3.5e+07    0       0       0       0    -6.1e+07 7.0e+06    0       0       0       0    
7.0e+06 -6.1e+07    0       0       0       0    3.5e+07 -5.1e+07    0       0       0       0    -3.5e+07 1.0e+08    0       0       0       0    -7.0e+06 9.3e+06    0       0       0       0    
   0       0    -1.2e+07 -1.2e+07 -5.8e+06    0       0       0    -2.3e+07 -5.8e+06 -5.8e+06    0       0       0    4.7e+07 -1.2e+07 -1.2e+07    0       0       0    -1.2e+07 -5.8e+06 -1.2e+07    0    
   0       0    1.2e+07 3.9e+06    0       0       0       0    5.8e+06 1.9e+06    0       0       0       0    -1.2e+07 7.8e+06    0       0       0       0    -5.8e+06 3.9e+06    0       0    
   0       0    -5.8e+06    0    3.9e+06    0       0       0    5.8e+06    0    1.9e+06    0       0       0    -1.2e+07    0    7.8e+06    0       0       0    1.2e+07    0    3.9e+06    0    
   0       0       0       0       0       0       0       0       0       0       0       0       0       0       0       0       0    1.0e+00    0       0       0       0       0       0    
-5.1e+07 -3.5e+07    0       0       0       0    9.3e+06 7.0e+06    0       0       0       0    -6.1e+07 -7.0e+06    0       0       0       0    1.0e+08 3.5e+07    0       0       0       0    
-3.5e+07 -5.1e+07    0       0       0       0    -7.0e+06 -6.1e+07    0       0       0       0    7.0e+06 9.3e+06    0       0       0       0    3.5e+07 1.0e+08    0       0       0       0    
   0       0    -2.3e+07 -5.8e+06 5.8e+06    0       0       0    -1.2e+07 -1.2e+07 5.8e+06    0       0       0    -1.2e+07 -5.8e+06 1.2e+07    0       0       0    4.7e+07 -1.2e+07 1.2e+07    0    
   0       0    5.8e+06 1.9e+06    0       0       0       0    1.2e+07 3.9e+06    0       0       0       0    -5.8e+06 3.9e+06    0       0       0       0    -1.2e+07 7.8e+06    0       0    
   0       0    -5.8e+06    0    1.9e+06    0       0       0    5.8e+06    0    3.9e+06    0       0       0    -1.2e+07    0    3.9e+06    0       0       0    1.2e+07    0    7.8e+06    0    
   0       0       0       0       0       0       0       0       0       0       0       0       0       0       0       0       0       0       0       0       0       0       0    1.0e+00 
----- Q_point = 0 ---------- Z_point = 0.5
 B Matrix =  
-0.789   0     0     0     0     0   0.789   0     0     0     0     0   -0.211   0     0     0     0     0   0.211   0     0     0     0     0   
  0   -0.789   0     0     0     0     0   -0.211   0     0     0     0     0   0.789   0     0     0     0     0   0.211   0     0     0     0   
  0     0     0     0     0     0     0     0     0     0     0     0     0     0     0     0     0     0     0     0     0     0     0     0   
-0.789 -0.789   0     0     0     0   -0.211 0.789   0     0     0     0   0.789 -0.211   0     0     0     0   0.211 0.211   0     0     0     0   
  0     0   -0.789 -0.622   0     0     0     0   -0.211 -0.167   0     0     0     0   0.789 -0.167   0     0     0     0   0.211 -0.045   0     0   
  0     0   -0.789   0   0.622   0     0     0   0.789   0   0.167   0     0     0   -0.211   0   0.167   0     0     0   0.211   0   0.045   0   
----- Q_point = 1 ---------- Z_point = 0.5
 B Matrix =  
-0.789   0     0     0     0     0   0.789   0     0     0     0     0   -0.211   0     0     0     0     0   0.211   0     0     0     0     0   
  0   -0.211   0     0     0     0     0   -0.789   0     0     0     0     0   0.211   0     0     0     0     0   0.789   0     0     0     0   
  0     0     0     0     0     0     0     0     0     0     0     0     0     0     0     0     0     0     0     0     0     0     0     0   
-0.211 -0.789   0     0     0     0   -0.789 0.789   0     0     0     0   0.211 -0.211   0     0     0     0   0.789 0.211   0     0     0     0   
  0     0   -0.211 -0.167   0     0     0     0   -0.789 -0.622   0     0     0     0   0.211 -0.045   0     0     0     0   0.789 -0.167   0     0   
  0     0   -0.789   0   0.167   0     0     0   0.789   0   0.622   0     0     0   -0.211   0   0.045   0     0     0   0.211   0   0.167   0   
----- Q_point = 2 ---------- Z_point = 0.5
 B Matrix =  
-0.211   0     0     0     0     0   0.211   0     0     0     0     0   -0.789   0     0     0     0     0   0.789   0     0     0     0     0   
  0   -0.789   0     0     0     0     0   -0.211   0     0     0     0     0   0.789   0     0     0     0     0   0.211   0     0     0     0   
  0     0     0     0     0     0     0     0     0     0     0     0     0     0     0     0     0     0     0     0     0     0     0     0   
-0.789 -0.211   0     0     0     0   -0.211 0.211   0     0     0     0   0.789 -0.789   0     0     0     0   0.211 0.789   0     0     0     0   
  0     0   -0.789 -0.167   0     0     0     0   -0.211 -0.045   0     0     0     0   0.789 -0.622   0     0     0     0   0.211 -0.167   0     0   
  0     0   -0.211   0   0.167   0     0     0   0.211   0   0.045   0     0     0   -0.789   0   0.622   0     0     0   0.789   0   0.167   0   
----- Q_point = 3 ---------- Z_point = 0.5
 B Matrix =  
-0.211   0     0     0     0     0   0.211   0     0     0     0     0   -0.789   0     0     0     0     0   0.789   0     0     0     0     0   
  0   -0.211   0     0     0     0     0   -0.789   0     0     0     0     0   0.211   0     0     0     0     0   0.789   0     0     0     0   
  0     0     0     0     0     0     0     0     0     0     0     0     0     0     0     0     0     0     0     0     0     0     0     0   
-0.211 -0.211   0     0     0     0   -0.789 0.211   0     0     0     0   0.211 -0.789   0     0     0     0   0.789 0.789   0     0     0     0   
  0     0   -0.211 -0.045   0     0     0     0   -0.789 -0.167   0     0     0     0   0.211 -0.167   0     0     0     0   0.789 -0.622   0     0   
  0     0   -0.211   0   0.045   0     0     0   0.211   0   0.167   0     0     0   -0.789   0   0.167   0     0     0   0.789   0   0.622   0   
V1, V2, V3 = 

1 0 -0
0 -1 -0
0 0 1
WMU method K matrix = 

1.0e+08 3.5e+07    0       0       0       0    -6.1e+07 -7.0e+06    0       0       0       0    9.3e+06 7.0e+06    0       0       0       0    -5.1e+07 -3.5e+07    0       0       0       0    
3.5e+07 1.0e+08    0       0       0       0    7.0e+06 9.3e+06    0       0       0       0    -7.0e+06 -6.1e+07    0       0       0       0    -3.5e+07 -5.1e+07    0       0       0       0    
   0       0    4.7e+07 1.2e+07 -1.2e+07    0       0       0    -1.2e+07 5.8e+06 -1.2e+07    0       0       0    -1.2e+07 1.2e+07 -5.8e+06    0       0       0    -2.3e+07 5.8e+06 -5.8e+06    0    
   0       0    1.2e+07 7.8e+06    0       0       0       0    5.8e+06 3.9e+06    0       0       0       0    -1.2e+07 3.9e+06    0       0       0       0    -5.8e+06 1.9e+06    0       0    
   0       0    -1.2e+07    0    7.8e+06    0       0       0    1.2e+07    0    3.9e+06    0       0       0    -5.8e+06    0    3.9e+06    0       0       0    5.8e+06    0    1.9e+06    0    
   0       0       0       0       0    1.0e+00    0       0       0       0       0       0       0       0       0       0       0       0       0       0       0       0       0       0    
-6.1e+07 7.0e+06    0       0       0       0    1.0e+08 -3.5e+07    0       0       0       0    -5.1e+07 3.5e+07    0       0       0       0    9.3e+06 -7.0e+06    0       0       0       0    
-7.0e+06 9.3e+06    0       0       0       0    -3.5e+07 1.0e+08    0       0       0       0    3.5e+07 -5.1e+07    0       0       0       0    7.0e+06 -6.1e+07    0       0       0       0    
   0       0    -1.2e+07 5.8e+06 1.2e+07    0       0       0    4.7e+07 1.2e+07 1.2e+07    0       0       0    -2.3e+07 5.8e+06 5.8e+06    0       0       0    -1.2e+07 1.2e+07 5.8e+06    0    
   0       0    5.8e+06 3.9e+06    0       0       0       0    1.2e+07 7.8e+06    0       0       0       0    -5.8e+06 1.9e+06    0       0       0       0    -1.2e+07 3.9e+06    0       0    
   0       0    -1.2e+07    0    3.9e+06    0       0       0    1.2e+07    0    7.8e+06    0       0       0    -5.8e+06    0    1.9e+06    0       0       0    5.8e+06    0    3.9e+06    0    
   0       0       0       0       0       0       0       0       0       0       0    1.0e+00    0       0       0       0       0       0       0       0       0       0       0       0    
9.3e+06 -7.0e+06    0       0       0       0    -5.1e+07 3.5e+07    0       0       0       0    1.0e+08 -3.5e+07    0       0       0       0    -6.1e+07 7.0e+06    0       0       0       0    
7.0e+06 -6.1e+07    0       0       0       0    3.5e+07 -5.1e+07    0       0       0       0    -3.5e+07 1.0e+08    0       0       0       0    -7.0e+06 9.3e+06    0       0       0       0    
   0       0    -1.2e+07 -1.2e+07 -5.8e+06    0       0       0    -2.3e+07 -5.8e+06 -5.8e+06    0       0       0    4.7e+07 -1.2e+07 -1.2e+07    0       0       0    -1.2e+07 -5.8e+06 -1.2e+07    0    
   0       0    1.2e+07 3.9e+06    0       0       0       0    5.8e+06 1.9e+06    0       0       0       0    -1.2e+07 7.8e+06    0       0       0       0    -5.8e+06 3.9e+06    0       0    
   0       0    -5.8e+06    0    3.9e+06    0       0       0    5.8e+06    0    1.9e+06    0       0       0    -1.2e+07    0    7.8e+06    0       0       0    1.2e+07    0    3.9e+06    0    
   0       0       0       0       0       0       0       0       0       0       0       0       0       0       0       0       0    1.0e+00    0       0       0       0       0       0    
-5.1e+07 -3.5e+07    0       0       0       0    9.3e+06 7.0e+06    0       0       0       0    -6.1e+07 -7.0e+06    0       0       0       0    1.0e+08 3.5e+07    0       0       0       0    
-3.5e+07 -5.1e+07    0       0       0       0    -7.0e+06 -6.1e+07    0       0       0       0    7.0e+06 9.3e+06    0       0       0       0    3.5e+07 1.0e+08    0       0       0       0    
   0       0    -2.3e+07 -5.8e+06 5.8e+06    0       0       0    -1.2e+07 -1.2e+07 5.8e+06    0       0       0    -1.2e+07 -5.8e+06 1.2e+07    0       0       0    4.7e+07 -1.2e+07 1.2e+07    0    
   0       0    5.8e+06 1.9e+06    0       0       0       0    1.2e+07 3.9e+06    0       0       0       0    -5.8e+06 3.9e+06    0       0       0       0    -1.2e+07 7.8e+06    0       0    
   0       0    -5.8e+06    0    1.9e+06    0       0       0    5.8e+06    0    3.9e+06    0       0       0    -1.2e+07    0    3.9e+06    0       0       0    1.2e+07    0    7.8e+06    0    
   0       0       0       0       0       0       0       0       0       0       0       0       0       0       0       0       0       0       0       0       0       0       0    1.0e+00 
----- Q_point = 0 ---------- Z_point = 0.5
 B Matrix =  
-0.789   0     0     0     0     0   0.789   0     0     0     0     0   -0.211   0     0     0     0     0   0.211   0     0     0     0     0   
  0   -0.789   0     0     0     0     0   -0.211   0     0     0     0     0   0.789   0     0     0     0     0   0.211   0     0     0     0   
  0     0     0     0     0     0     0     0     0     0     0     0     0     0     0     0     0     0     0     0     0     0     0     0   
-0.789 -0.789   0     0     0     0   -0.211 0.789   0     0     0     0   0.789 -0.211   0     0     0     0   0.211 0.211   0     0     0     0   
  0     0   -0.789 -0.622   0     0     0     0   -0.211 -0.167   0     0     0     0   0.789 -0.167   0     0     0     0   0.211 -0.045   0     0   
  0     0   -0.789   0   0.622   0     0     0   0.789   0   0.167   0     0     0   -0.211   0   0.167   0     0     0   0.211   0   0.045   0   
----- Q_point = 1 ---------- Z_point = 0.5
 B Matrix =  
-0.789   0     0     0     0     0   0.789   0     0     0     0     0   -0.211   0     0     0     0     0   0.211   0     0     0     0     0   
  0   -0.211   0     0     0     0     0   -0.789   0     0     0     0     0   0.211   0     0     0     0     0   0.789   0     0     0     0   
  0     0     0     0     0     0     0     0     0     0     0     0     0     0     0     0     0     0     0     0     0     0     0     0   
-0.211 -0.789   0     0     0     0   -0.789 0.789   0     0     0     0   0.211 -0.211   0     0     0     0   0.789 0.211   0     0     0     0   
  0     0   -0.211 -0.167   0     0     0     0   -0.789 -0.622   0     0     0     0   0.211 -0.045   0     0     0     0   0.789 -0.167   0     0   
  0     0   -0.789   0   0.167   0     0     0   0.789   0   0.622   0     0     0   -0.211   0   0.045   0     0     0   0.211   0   0.167   0   
----- Q_point = 2 ---------- Z_point = 0.5
 B Matrix =  
-0.211   0     0     0     0     0   0.211   0     0     0     0     0   -0.789   0     0     0     0     0   0.789   0     0     0     0     0   
  0   -0.789   0     0     0     0     0   -0.211   0     0     0     0     0   0.789   0     0     0     0     0   0.211   0     0     0     0   
  0     0     0     0     0     0     0     0     0     0     0     0     0     0     0     0     0     0     0     0     0     0     0     0   
-0.789 -0.211   0     0     0     0   -0.211 0.211   0     0     0     0   0.789 -0.789   0     0     0     0   0.211 0.789   0     0     0     0   
  0     0   -0.789 -0.167   0     0     0     0   -0.211 -0.045   0     0     0     0   0.789 -0.622   0     0     0     0   0.211 -0.167   0     0   
  0     0   -0.211   0   0.167   0     0     0   0.211   0   0.045   0     0     0   -0.789   0   0.622   0     0     0   0.789   0   0.167   0   
----- Q_point = 3 ---------- Z_point = 0.5
 B Matrix =  
-0.211   0     0     0     0     0   0.211   0     0     0     0     0   -0.789   0     0     0     0     0   0.789   0     0     0     0     0   
  0   -0.211   0     0     0     0     0   -0.789   0     0     0     0     0   0.211   0     0     0     0     0   0.789   0     0     0     0   
  0     0     0     0     0     0     0     0     0     0     0     0     0     0     0     0     0     0     0     0     0     0     0     0   
-0.211 -0.211   0     0     0     0   -0.789 0.211   0     0     0     0   0.211 -0.789   0     0     0     0   0.789 0.789   0     0     0     0   
  0     0   -0.211 -0.045   0     0     0     0   -0.789 -0.167   0     0     0     0   0.211 -0.167   0     0     0     0   0.789 -0.622   0     0   
  0     0   -0.211   0   0.045   0     0     0   0.211   0   0.167   0     0     0   -0.789   0   0.167   0     0     0   0.789   0   0.622   0   
V1, V2, V3 = 

1 0 -0
0 -1 -0
0 0 1
WMU method K matrix = 

1.0e+08 3.5e+07    0       0       0       0    -6.1e+07 -7.0e+06    0       0       0       0    9.3e+06 7.0e+06    0       0       0       0    -5.1e+07 -3.5e+07    0       0       0       0    
3.5e+07 1.0e+08    0       0       0       0    7.0e+06 9.3e+06    0       0       0       0    -7.0e+06 -6.1e+07    0       0       0       0    -3.5e+07 -5.1e+07    0       0       0       0    
   0       0    4.7e+07 1.2e+07 -1.2e+07    0       0       0    -1.2e+07 5.8e+06 -1.2e+07    0       0       0    -1.2e+07 1.2e+07 -5.8e+06    0       0       0    -2.3e+07 5.8e+06 -5.8e+06    0    
   0       0    1.2e+07 7.8e+06    0       0       0       0    5.8e+06 3.9e+06    0       0       0       0    -1.2e+07 3.9e+06    0       0       0       0    -5.8e+06 1.9e+06    0       0    
   0       0    -1.2e+07    0    7.8e+06    0       0       0    1.2e+07    0    3.9e+06    0       0       0    -5.8e+06    0    3.9e+06    0       0       0    5.8e+06    0    1.9e+06    0    
   0       0       0       0       0    1.0e+00    0       0       0       0       0       0       0       0       0       0       0       0       0       0       0       0       0       0    
-6.1e+07 7.0e+06    0       0       0       0    1.0e+08 -3.5e+07    0       0       0       0    -5.1e+07 3.5e+07    0       0       0       0    9.3e+06 -7.0e+06    0       0       0       0    
-7.0e+06 9.3e+06    0       0       0       0    -3.5e+07 1.0e+08    0       0       0       0    3.5e+07 -5.1e+07    0       0       0       0    7.0e+06 -6.1e+07    0       0       0       0    
   0       0    -1.2e+07 5.8e+06 1.2e+07    0       0       0    4.7e+07 1.2e+07 1.2e+07    0       0       0    -2.3e+07 5.8e+06 5.8e+06    0       0       0    -1.2e+07 1.2e+07 5.8e+06    0    
   0       0    5.8e+06 3.9e+06    0       0       0       0    1.2e+07 7.8e+06    0       0       0       0    -5.8e+06 1.9e+06    0       0       0       0    -1.2e+07 3.9e+06    0       0    
   0       0    -1.2e+07    0    3.9e+06    0       0       0    1.2e+07    0    7.8e+06    0       0       0    -5.8e+06    0    1.9e+06    0       0       0    5.8e+06    0    3.9e+06    0    
   0       0       0       0       0       0       0       0       0       0       0    1.0e+00    0       0       0       0       0       0       0       0       0       0       0       0    
9.3e+06 -7.0e+06    0       0       0       0    -5.1e+07 3.5e+07    0       0       0       0    1.0e+08 -3.5e+07    0       0       0       0    -6.1e+07 7.0e+06    0       0       0       0    
7.0e+06 -6.1e+07    0       0       0       0    3.5e+07 -5.1e+07    0       0       0       0    -3.5e+07 1.0e+08    0       0       0       0    -7.0e+06 9.3e+06    0       0       0       0    
   0       0    -1.2e+07 -1.2e+07 -5.8e+06    0       0       0    -2.3e+07 -5.8e+06 -5.8e+06    0       0       0    4.7e+07 -1.2e+07 -1.2e+07    0       0       0    -1.2e+07 -5.8e+06 -1.2e+07    0    
   0       0    1.2e+07 3.9e+06    0       0       0       0    5.8e+06 1.9e+06    0       0       0       0    -1.2e+07 7.8e+06    0       0       0       0    -5.8e+06 3.9e+06    0       0    
   0       0    -5.8e+06    0    3.9e+06    0       0       0    5.8e+06    0    1.9e+06    0       0       0    -1.2e+07    0    7.8e+06    0       0       0    1.2e+07    0    3.9e+06    0    
   0       0       0       0       0       0       0       0       0       0       0       0       0       0       0       0       0    1.0e+00    0       0       0       0       0       0    
-5.1e+07 -3.5e+07    0       0       0       0    9.3e+06 7.0e+06    0       0       0       0    -6.1e+07 -7.0e+06    0       0       0       0    1.0e+08 3.5e+07    0       0       0       0    
-3.5e+07 -5.1e+07    0       0       0       0    -7.0e+06 -6.1e+07    0       0       0       0    7.0e+06 9.3e+06    0       0       0       0    3.5e+07 1.0e+08    0       0       0       0    
   0       0    -2.3e+07 -5.8e+06 5.8e+06    0       0       0    -1.2e+07 -1.2e+07 5.8e+06    0       0       0    -1.2e+07 -5.8e+06 1.2e+07    0       0       0    4.7e+07 -1.2e+07 1.2e+07    0    
   0       0    5.8e+06 1.9e+06    0       0       0       0    1.2e+07 3.9e+06    0       0       0       0    -5.8e+06 3.9e+06    0       0       0       0    -1.2e+07 7.8e+06    0       0    
   0       0    -5.8e+06    0    1.9e+06    0       0       0    5.8e+06    0    3.9e+06    0       0       0    -1.2e+07    0    3.9e+06    0       0       0    1.2e+07    0    7.8e+06    0    
   0       0       0       0       0       0       0       0       0       0       0       0       0       0       0       0       0       0       0       0       0       0       0    1.0e+00 
----- Q_point = 0 ---------- Z_point = 0.5
 B Matrix =  
-0.789   0     0     0     0     0   0.789   0     0     0     0     0   -0.211   0     0     0     0     0   0.211   0     0     0     0     0   
  0   -0.789   0     0     0     0     0   -0.211   0     0     0     0     0   0.789   0     0     0     0     0   0.211   0     0     0     0   
  0     0     0     0     0     0     0     0     0     0     0     0     0     0     0     0     0     0     0     0     0     0     0     0   
-0.789 -0.789   0     0     0     0   -0.211 0.789   0     0     0     0   0.789 -0.211   0     0     0     0   0.211 0.211   0     0     0     0   
  0     0   -0.789 -0.622   0     0     0     0   -0.211 -0.167   0     0     0     0   0.789 -0.167   0     0     0     0   0.211 -0.045   0     0   
  0     0   -0.789   0   0.622   0     0     0   0.789   0   0.167   0     0     0   -0.211   0   0.167   0     0     0   0.211   0   0.045   0   
----- Q_point = 1 ---------- Z_point = 0.5
 B Matrix =  
-0.789   0     0     0     0     0   0.789   0     0     0     0     0   -0.211   0     0     0     0     0   0.211   0     0     0     0     0   
  0   -0.211   0     0     0     0     0   -0.789   0     0     0     0     0   0.211   0     0     0     0     0   0.789   0     0     0     0   
  0     0     0     0     0     0     0     0     0     0     0     0     0     0     0     0     0     0     0     0     0     0     0     0   
-0.211 -0.789   0     0     0     0   -0.789 0.789   0     0     0     0   0.211 -0.211   0     0     0     0   0.789 0.211   0     0     0     0   
  0     0   -0.211 -0.167   0     0     0     0   -0.789 -0.622   0     0     0     0   0.211 -0.045   0     0     0     0   0.789 -0.167   0     0   
  0     0   -0.789   0   0.167   0     0     0   0.789   0   0.622   0     0     0   -0.211   0   0.045   0     0     0   0.211   0   0.167   0   
----- Q_point = 2 ---------- Z_point = 0.5
 B Matrix =  
-0.211   0     0     0     0     0   0.211   0     0     0     0     0   -0.789   0     0     0     0     0   0.789   0     0     0     0     0   
  0   -0.789   0     0     0     0     0   -0.211   0     0     0     0     0   0.789   0     0     0     0     0   0.211   0     0     0     0   
  0     0     0     0     0     0     0     0     0     0     0     0     0     0     0     0     0     0     0     0     0     0     0     0   
-0.789 -0.211   0     0     0     0   -0.211 0.211   0     0     0     0   0.789 -0.789   0     0     0     0   0.211 0.789   0     0     0     0   
  0     0   -0.789 -0.167   0     0     0     0   -0.211 -0.045   0     0     0     0   0.789 -0.622   0     0     0     0   0.211 -0.167   0     0   
  0     0   -0.211   0   0.167   0     0     0   0.211   0   0.045   0     0     0   -0.789   0   0.622   0     0     0   0.789   0   0.167   0   
----- Q_point = 3 ---------- Z_point = 0.5
 B Matrix =  
-0.211   0     0     0     0     0   0.211   0     0     0     0     0   -0.789   0     0     0     0     0   0.789   0     0     0     0     0   
  0   -0.211   0     0     0     0     0   -0.789   0     0     0     0     0   0.211   0     0     0     0     0   0.789   0     0     0     0   
  0     0     0     0     0     0     0     0     0     0     0     0     0     0     0     0     0     0     0     0     0     0     0     0   
-0.211 -0.211   0     0     0     0   -0.789 0.211   0     0     0     0   0.211 -0.789   0     0     0     0   0.789 0.789   0     0     0     0   
  0     0   -0.211 -0.045   0     0     0     0   -0.789 -0.167   0     0     0     0   0.211 -0.167   0     0     0     0   0.789 -0.622   0     0   
  0     0   -0.211   0   0.045   0     0     0   0.211   0   0.167   0     0     0   -0.789   0   0.167   0     0     0   0.789   0   0.622   0   
V1, V2, V3 = 

1 0 -0
0 -1 -0
0 0 1
WMU method K matrix = 

1.0e+08 3.5e+07    0       0       0       0    -6.1e+07 -7.0e+06    0       0       0       0    9.3e+06 7.0e+06    0       0       0       0    -5.1e+07 -3.5e+07    0       0       0       0    
3.5e+07 1.0e+08    0       0       0       0    7.0e+06 9.3e+06    0       0       0       0    -7.0e+06 -6.1e+07    0       0       0       0    -3.5e+07 -5.1e+07    0       0       0       0    
   0       0    4.7e+07 1.2e+07 -1.2e+07    0       0       0    -1.2e+07 5.8e+06 -1.2e+07    0       0       0    -1.2e+07 1.2e+07 -5.8e+06    0       0       0    -2.3e+07 5.8e+06 -5.8e+06    0    
   0       0    1.2e+07 7.8e+06    0       0       0       0    5.8e+06 3.9e+06    0       0       0       0    -1.2e+07 3.9e+06    0       0       0       0    -5.8e+06 1.9e+06    0       0    
   0       0    -1.2e+07    0    7.8e+06    0       0       0    1.2e+07    0    3.9e+06    0       0       0    -5.8e+06    0    3.9e+06    0       0       0    5.8e+06    0    1.9e+06    0    
   0       0       0       0       0    1.0e+00    0       0       0       0       0       0       0       0       0       0       0       0       0       0       0       0       0       0    
-6.1e+07 7.0e+06    0       0       0       0    1.0e+08 -3.5e+07    0       0       0       0    -5.1e+07 3.5e+07    0       0       0       0    9.3e+06 -7.0e+06    0       0       0       0    
-7.0e+06 9.3e+06    0       0       0       0    -3.5e+07 1.0e+08    0       0       0       0    3.5e+07 -5.1e+07    0       0       0       0    7.0e+06 -6.1e+07    0       0       0       0    
   0       0    -1.2e+07 5.8e+06 1.2e+07    0       0       0    4.7e+07 1.2e+07 1.2e+07    0       0       0    -2.3e+07 5.8e+06 5.8e+06    0       0       0    -1.2e+07 1.2e+07 5.8e+06    0    
   0       0    5.8e+06 3.9e+06    0       0       0       0    1.2e+07 7.8e+06    0       0       0       0    -5.8e+06 1.9e+06    0       0       0       0    -1.2e+07 3.9e+06    0       0    
   0       0    -1.2e+07    0    3.9e+06    0       0       0    1.2e+07    0    7.8e+06    0       0       0    -5.8e+06    0    1.9e+06    0       0       0    5.8e+06    0    3.9e+06    0    
   0       0       0       0       0       0       0       0       0       0       0    1.0e+00    0       0       0       0       0       0       0       0       0       0       0       0    
9.3e+06 -7.0e+06    0       0       0       0    -5.1e+07 3.5e+07    0       0       0       0    1.0e+08 -3.5e+07    0       0       0       0    -6.1e+07 7.0e+06    0       0       0       0    
7.0e+06 -6.1e+07    0       0       0       0    3.5e+07 -5.1e+07    0       0       0       0    -3.5e+07 1.0e+08    0       0       0       0    -7.0e+06 9.3e+06    0       0       0       0    
   0       0    -1.2e+07 -1.2e+07 -5.8e+06    0       0       0    -2.3e+07 -5.8e+06 -5.8e+06    0       0       0    4.7e+07 -1.2e+07 -1.2e+07    0       0       0    -1.2e+07 -5.8e+06 -1.2e+07    0    
   0       0    1.2e+07 3.9e+06    0       0       0       0    5.8e+06 1.9e+06    0       0       0       0    -1.2e+07 7.8e+06    0       0       0       0    -5.8e+06 3.9e+06    0       0    
   0       0    -5.8e+06    0    3.9e+06    0       0       0    5.8e+06    0    1.9e+06    0       0       0    -1.2e+07    0    7.8e+06    0       0       0    1.2e+07    0    3.9e+06    0    
   0       0       0       0       0       0       0       0       0       0       0       0       0       0       0       0       0    1.0e+00    0       0       0       0       0       0    
-5.1e+07 -3.5e+07    0       0       0       0    9.3e+06 7.0e+06    0       0       0       0    -6.1e+07 -7.0e+06    0       0       0       0    1.0e+08 3.5e+07    0       0       0       0    
-3.5e+07 -5.1e+07    0       0       0       0    -7.0e+06 -6.1e+07    0       0       0       0    7.0e+06 9.3e+06    0       0       0       0    3.5e+07 1.0e+08    0       0       0       0    
   0       0    -2.3e+07 -5.8e+06 5.8e+06    0       0       0    -1.2e+07 -1.2e+07 5.8e+06    0       0       0    -1.2e+07 -5.8e+06 1.2e+07    0       0       0    4.7e+07 -1.2e+07 1.2e+07    0    
   0       0    5.8e+06 1.9e+06    0       0       0       0    1.2e+07 3.9e+06    0       0       0       0    -5.8e+06 3.9e+06    0       0       0       0    -1.2e+07 7.8e+06    0       0    
   0       0    -5.8e+06    0    1.9e+06    0       0       0    5.8e+06    0    3.9e+06    0       0       0    -1.2e+07    0    3.9e+06    0       0       0    1.2e+07    0    7.8e+06    0    
   0       0       0       0       0       0       0       0       0       0       0       0       0       0       0       0       0       0       0       0       0       0       0    1.0e+00 
----- Q_point = 0 ---------- Z_point = 0.5
 B Matrix =  
-0.789   0     0     0     0     0   0.789   0     0     0     0     0   -0.211   0     0     0     0     0   0.211   0     0     0     0     0   
  0   -0.789   0     0     0     0     0   -0.211   0     0     0     0     0   0.789   0     0     0     0     0   0.211   0     0     0     0   
  0     0     0     0     0     0     0     0     0     0     0     0     0     0     0     0     0     0     0     0     0     0     0     0   
-0.789 -0.789   0     0     0     0   -0.211 0.789   0     0     0     0   0.789 -0.211   0     0     0     0   0.211 0.211   0     0     0     0   
  0     0   -0.789 -0.622   0     0     0     0   -0.211 -0.167   0     0     0     0   0.789 -0.167   0     0     0     0   0.211 -0.045   0     0   
  0     0   -0.789   0   0.622   0     0     0   0.789   0   0.167   0     0     0   -0.211   0   0.167   0     0     0   0.211   0   0.045   0   
----- Q_point = 1 ---------- Z_point = 0.5
 B Matrix =  
-0.789   0     0     0     0     0   0.789   0     0     0     0     0   -0.211   0     0     0     0     0   0.211   0     0     0     0     0   
  0   -0.211   0     0     0     0     0   -0.789   0     0     0     0     0   0.211   0     0     0     0     0   0.789   0     0     0     0   
  0     0     0     0     0     0     0     0     0     0     0     0     0     0     0     0     0     0     0     0     0     0     0     0   
-0.211 -0.789   0     0     0     0   -0.789 0.789   0     0     0     0   0.211 -0.211   0     0     0     0   0.789 0.211   0     0     0     0   
  0     0   -0.211 -0.167   0     0     0     0   -0.789 -0.622   0     0     0     0   0.211 -0.045   0     0     0     0   0.789 -0.167   0     0   
  0     0   -0.789   0   0.167   0     0     0   0.789   0   0.622   0     0     0   -0.211   0   0.045   0     0     0   0.211   0   0.167   0   
----- Q_point = 2 ---------- Z_point = 0.5
 B Matrix =  
-0.211   0     0     0     0     0   0.211   0     0     0     0     0   -0.789   0     0     0     0     0   0.789   0     0     0     0     0   
  0   -0.789   0     0     0     0     0   -0.211   0     0     0     0     0   0.789   0     0     0     0     0   0.211   0     0     0     0   
  0     0     0     0     0     0     0     0     0     0     0     0     0     0     0     0     0     0     0     0     0     0     0     0   
-0.789 -0.211   0     0     0     0   -0.211 0.211   0     0     0     0   0.789 -0.789   0     0     0     0   0.211 0.789   0     0     0     0   
  0     0   -0.789 -0.167   0     0     0     0   -0.211 -0.045   0     0     0     0   0.789 -0.622   0     0     0     0   0.211 -0.167   0     0   
  0     0   -0.211   0   0.167   0     0     0   0.211   0   0.045   0     0     0   -0.789   0   0.622   0     0     0   0.789   0   0.167   0   
----- Q_point = 3 ---------- Z_point = 0.5
 B Matrix =  
-0.211   0     0     0     0     0   0.211   0     0     0     0     0   -0.789   0     0     0     0     0   0.789   0     0     0     0     0   
  0   -0.211   0     0     0     0     0   -0.789   0     0     0     0     0   0.211   0     0     0     0     0   0.789   0     0     0     0   
  0     0     0     0     0     0     0     0     0     0     0     0     0     0     0     0     0     0     0     0     0     0     0     0   
-0.211 -0.211   0     0     0     0   -0.789 0.211   0     0     0     0   0.211 -0.789   0     0     0     0   0.789 0.789   0     0     0     0   
  0     0   -0.211 -0.045   0     0     0     0   -0.789 -0.167   0     0     0     0   0.211 -0.167   0     0     0     0   0.789 -0.622   0     0   
  0     0   -0.211   0   0.045   0     0     0   0.211   0   0.167   0     0     0   -0.789   0   0.167   0     0     0   0.789   0   0.622   0   
V1, V2, V3 = 

1 0 -0
0 -1 -0
0 0 1
WMU method K matrix = 

1.0e+08 3.5e+07    0       0       0       0    -6.1e+07 -7.0e+06    0       0       0       0    9.3e+06 7.0e+06    0       0       0       0    -5.1e+07 -3.5e+07    0       0       0       0    
3.5e+07 1.0e+08    0       0       0       0    7.0e+06 9.3e+06    0       0       0       0    -7.0e+06 -6.1e+07    0       0       0       0    -3.5e+07 -5.1e+07    0       0       0       0    
   0       0    4.7e+07 1.2e+07 -1.2e+07    0       0       0    -1.2e+07 5.8e+06 -1.2e+07    0       0       0    -1.2e+07 1.2e+07 -5.8e+06    0       0       0    -2.3e+07 5.8e+06 -5.8e+06    0    
   0       0    1.2e+07 7.8e+06    0       0       0       0    5.8e+06 3.9e+06    0       0       0       0    -1.2e+07 3.9e+06    0       0       0       0    -5.8e+06 1.9e+06    0       0    
   0       0    -1.2e+07    0    7.8e+06    0       0       0    1.2e+07    0    3.9e+06    0       0       0    -5.8e+06    0    3.9e+06    0       0       0    5.8e+06    0    1.9e+06    0    
   0       0       0       0       0    1.0e+00    0       0       0       0       0       0       0       0       0       0       0       0       0       0       0       0       0       0    
-6.1e+07 7.0e+06    0       0       0       0    1.0e+08 -3.5e+07    0       0       0       0    -5.1e+07 3.5e+07    0       0       0       0    9.3e+06 -7.0e+06    0       0       0       0    
-7.0e+06 9.3e+06    0       0       0       0    -3.5e+07 1.0e+08    0       0       0       0    3.5e+07 -5.1e+07    0       0       0       0    7.0e+06 -6.1e+07    0       0       0       0    
   0       0    -1.2e+07 5.8e+06 1.2e+07    0       0       0    4.7e+07 1.2e+07 1.2e+07    0       0       0    -2.3e+07 5.8e+06 5.8e+06    0       0       0    -1.2e+07 1.2e+07 5.8e+06    0    
   0       0    5.8e+06 3.9e+06    0       0       0       0    1.2e+07 7.8e+06    0       0       0       0    -5.8e+06 1.9e+06    0       0       0       0    -1.2e+07 3.9e+06    0       0    
   0       0    -1.2e+07    0    3.9e+06    0       0       0    1.2e+07    0    7.8e+06    0       0       0    -5.8e+06    0    1.9e+06    0       0       0    5.8e+06    0    3.9e+06    0    
   0       0       0       0       0       0       0       0       0       0       0    1.0e+00    0       0       0       0       0       0       0       0       0       0       0       0    
9.3e+06 -7.0e+06    0       0       0       0    -5.1e+07 3.5e+07    0       0       0       0    1.0e+08 -3.5e+07    0       0       0       0    -6.1e+07 7.0e+06    0       0       0       0    
7.0e+06 -6.1e+07    0       0       0       0    3.5e+07 -5.1e+07    0       0       0       0    -3.5e+07 1.0e+08    0       0       0       0    -7.0e+06 9.3e+06    0       0       0       0    
   0       0    -1.2e+07 -1.2e+07 -5.8e+06    0       0       0    -2.3e+07 -5.8e+06 -5.8e+06    0       0       0    4.7e+07 -1.2e+07 -1.2e+07    0       0       0    -1.2e+07 -5.8e+06 -1.2e+07    0    
   0       0    1.2e+07 3.9e+06    0       0       0       0    5.8e+06 1.9e+06    0       0       0       0    -1.2e+07 7.8e+06    0       0       0       0    -5.8e+06 3.9e+06    0       0    
   0       0    -5.8e+06    0    3.9e+06    0       0       0    5.8e+06    0    1.9e+06    0       0       0    -1.2e+07    0    7.8e+06    0       0       0    1.2e+07    0    3.9e+06    0    
   0       0       0       0       0       0       0       0       0       0       0       0       0       0       0       0       0    1.0e+00    0       0       0       0       0       0    
-5.1e+07 -3.5e+07    0       0       0       0    9.3e+06 7.0e+06    0       0       0       0    -6.1e+07 -7.0e+06    0       0       0       0    1.0e+08 3.5e+07    0       0       0       0    
-3.5e+07 -5.1e+07    0       0       0       0    -7.0e+06 -6.1e+07    0       0       0       0    7.0e+06 9.3e+06    0       0       0       0    3.5e+07 1.0e+08    0       0       0       0    
   0       0    -2.3e+07 -5.8e+06 5.8e+06    0       0       0    -1.2e+07 -1.2e+07 5.8e+06    0       0       0    -1.2e+07 -5.8e+06 1.2e+07    0       0       0    4.7e+07 -1.2e+07 1.2e+07    0    
   0       0    5.8e+06 1.9e+06    0       0       0       0    1.2e+07 3.9e+06    0       0       0       0    -5.8e+06 3.9e+06    0       0       0       0    -1.2e+07 7.8e+06    0       0    
   0       0    -5.8e+06    0    1.9e+06    0       0       0    5.8e+06    0    3.9e+06    0       0       0    -1.2e+07    0    3.9e+06    0       0       0    1.2e+07    0    7.8e+06    0    
   0       0       0       0       0       0       0       0       0       0       0       0       0       0       0       0       0       0       0       0       0       0       0    1.0e+00 
----- Q_point = 0 ---------- Z_point = 0.5
 B Matrix =  
-0.789   0     0     0     0     0   0.789   0     0     0     0     0   -0.211   0     0     0     0     0   0.211   0     0     0     0     0   
  0   -0.789   0     0     0     0     0   -0.211   0     0     0     0     0   0.789   0     0     0     0     0   0.211   0     0     0     0   
  0     0     0     0     0     0     0     0     0     0     0     0     0     0     0     0     0     0     0     0     0     0     0     0   
-0.789 -0.789   0     0     0     0   -0.211 0.789   0     0     0     0   0.789 -0.211   0     0     0     0   0.211 0.211   0     0     0     0   
  0     0   -0.789 -0.622   0     0     0     0   -0.211 -0.167   0     0     0     0   0.789 -0.167   0     0     0     0   0.211 -0.045   0     0   
  0     0   -0.789   0   0.622   0     0     0   0.789   0   0.167   0     0     0   -0.211   0   0.167   0     0     0   0.211   0   0.045   0   
----- Q_point = 1 ---------- Z_point = 0.5
 B Matrix =  
-0.789   0     0     0     0     0   0.789   0     0     0     0     0   -0.211   0     0     0     0     0   0.211   0     0     0     0     0   
  0   -0.211   0     0     0     0     0   -0.789   0     0     0     0     0   0.211   0     0     0     0     0   0.789   0     0     0     0   
  0     0     0     0     0     0     0     0     0     0     0     0     0     0     0     0     0     0     0     0     0     0     0     0   
-0.211 -0.789   0     0     0     0   -0.789 0.789   0     0     0     0   0.211 -0.211   0     0     0     0   0.789 0.211   0     0     0     0   
  0     0   -0.211 -0.167   0     0     0     0   -0.789 -0.622   0     0     0     0   0.211 -0.045   0     0     0     0   0.789 -0.167   0     0   
  0     0   -0.789   0   0.167   0     0     0   0.789   0   0.622   0     0     0   -0.211   0   0.045   0     0     0   0.211   0   0.167   0   
----- Q_point = 2 ---------- Z_point = 0.5
 B Matrix =  
-0.211   0     0     0     0     0   0.211   0     0     0     0     0   -0.789   0     0     0     0     0   0.789   0     0     0     0     0   
  0   -0.789   0     0     0     0     0   -0.211   0     0     0     0     0   0.789   0     0     0     0     0   0.211   0     0     0     0   
  0     0     0     0     0     0     0     0     0     0     0     0     0     0     0     0     0     0     0     0     0     0     0     0   
-0.789 -0.211   0     0     0     0   -0.211 0.211   0     0     0     0   0.789 -0.789   0     0     0     0   0.211 0.789   0     0     0     0   
  0     0   -0.789 -0.167   0     0     0     0   -0.211 -0.045   0     0     0     0   0.789 -0.622   0     0     0     0   0.211 -0.167   0     0   
  0     0   -0.211   0   0.167   0     0     0   0.211   0   0.045   0     0     0   -0.789   0   0.622   0     0     0   0.789   0   0.167   0   
----- Q_point = 3 ---------- Z_point = 0.5
 B Matrix =  
-0.211   0     0     0     0     0   0.211   0     0     0     0     0   -0.789   0     0     0     0     0   0.789   0     0     0     0     0   
  0   -0.211   0     0     0     0     0   -0.789   0     0     0     0     0   0.211   0     0     0     0     0   0.789   0     0     0     0   
  0     0     0     0     0     0     0     0     0     0     0     0     0     0     0     0     0     0     0     0     0     0     0     0   
-0.211 -0.211   0     0     0     0   -0.789 0.211   0     0     0     0   0.211 -0.789   0     0     0     0   0.789 0.789   0     0     0     0   
  0     0   -0.211 -0.045   0     0     0     0   -0.789 -0.167   0     0     0     0   0.211 -0.167   0     0     0     0   0.789 -0.622   0     0   
  0     0   -0.211   0   0.045   0     0     0   0.211   0   0.167   0     0     0   -0.789   0   0.167   0     0     0   0.789   0   0.622   0   
V1, V2, V3 = 

1 0 -0
0 -1 -0
0 0 1
WMU method K matrix = 

1.0e+08 3.5e+07    0       0       0       0    -6.1e+07 -7.0e+06    0       0       0       0    9.3e+06 7.0e+06    0       0       0       0    -5.1e+07 -3.5e+07    0       0       0       0    
3.5e+07 1.0e+08    0       0       0       0    7.0e+06 9.3e+06    0       0       0       0    -7.0e+06 -6.1e+07    0       0       0       0    -3.5e+07 -5.1e+07    0       0       0       0    
   0       0    4.7e+07 1.2e+07 -1.2e+07    0       0       0    -1.2e+07 5.8e+06 -1.2e+07    0       0       0    -1.2e+07 1.2e+07 -5.8e+06    0       0       0    -2.3e+07 5.8e+06 -5.8e+06    0    
   0       0    1.2e+07 7.8e+06    0       0       0       0    5.8e+06 3.9e+06    0       0       0       0    -1.2e+07 3.9e+06    0       0       0       0    -5.8e+06 1.9e+06    0       0    
   0       0    -1.2e+07    0    7.8e+06    0       0       0    1.2e+07    0    3.9e+06    0       0       0    -5.8e+06    0    3.9e+06    0       0       0    5.8e+06    0    1.9e+06    0    
   0       0       0       0       0    1.0e+00    0       0       0       0       0       0       0       0       0       0       0       0       0       0       0       0       0       0    
-6.1e+07 7.0e+06    0       0       0       0    1.0e+08 -3.5e+07    0       0       0       0    -5.1e+07 3.5e+07    0       0       0       0    9.3e+06 -7.0e+06    0       0       0       0    
-7.0e+06 9.3e+06    0       0       0       0    -3.5e+07 1.0e+08    0       0       0       0    3.5e+07 -5.1e+07    0       0       0       0    7.0e+06 -6.1e+07    0       0       0       0    
   0       0    -1.2e+07 5.8e+06 1.2e+07    0       0       0    4.7e+07 1.2e+07 1.2e+07    0       0       0    -2.3e+07 5.8e+06 5.8e+06    0       0       0    -1.2e+07 1.2e+07 5.8e+06    0    
   0       0    5.8e+06 3.9e+06    0       0       0       0    1.2e+07 7.8e+06    0       0       0       0    -5.8e+06 1.9e+06    0       0       0       0    -1.2e+07 3.9e+06    0       0    
   0       0    -1.2e+07    0    3.9e+06    0       0       0    1.2e+07    0    7.8e+06    0       0       0    -5.8e+06    0    1.9e+06    0       0       0    5.8e+06    0    3.9e+06    0    
   0       0       0       0       0       0       0       0       0       0       0    1.0e+00    0       0       0       0       0       0       0       0       0       0       0       0    
9.3e+06 -7.0e+06    0       0       0       0    -5.1e+07 3.5e+07    0       0       0       0    1.0e+08 -3.5e+07    0       0       0       0    -6.1e+07 7.0e+06    0       0       0       0    
7.0e+06 -6.1e+07    0       0       0       0    3.5e+07 -5.1e+07    0       0       0       0    -3.5e+07 1.0e+08    0       0       0       0    -7.0e+06 9.3e+06    0       0       0       0    
   0       0    -1.2e+07 -1.2e+07 -5.8e+06    0       0       0    -2.3e+07 -5.8e+06 -5.8e+06    0       0       0    4.7e+07 -1.2e+07 -1.2e+07    0       0       0    -1.2e+07 -5.8e+06 -1.2e+07    0    
   0       0    1.2e+07 3.9e+06    0       0       0       0    5.8e+06 1.9e+06    0       0       0       0    -1.2e+07 7.8e+06    0       0       0       0    -5.8e+06 3.9e+06    0       0    
   0       0    -5.8e+06    0    3.9e+06    0       0       0    5.8e+06    0    1.9e+06    0       0       0    -1.2e+07    0    7.8e+06    0       0       0    1.2e+07    0    3.9e+06    0    
   0       0       0       0       0       0       0       0       0       0       0       0       0       0       0       0       0    1.0e+00    0       0       0       0       0       0    
-5.1e+07 -3.5e+07    0       0       0       0    9.3e+06 7.0e+06    0       0       0       0    -6.1e+07 -7.0e+06    0       0       0       0    1.0e+08 3.5e+07    0       0       0       0    
-3.5e+07 -5.1e+07    0       0       0       0    -7.0e+06 -6.1e+07    0       0       0       0    7.0e+06 9.3e+06    0       0       0       0    3.5e+07 1.0e+08    0       0       0       0    
   0       0    -2.3e+07 -5.8e+06 5.8e+06    0       0       0    -1.2e+07 -1.2e+07 5.8e+06    0       0       0    -1.2e+07 -5.8e+06 1.2e+07    0       0       0    4.7e+07 -1.2e+07 1.2e+07    0    
   0       0    5.8e+06 1.9e+06    0       0       0       0    1.2e+07 3.9e+06    0       0       0       0    -5.8e+06 3.9e+06    0       0       0       0    -1.2e+07 7.8e+06    0       0    
   0       0    -5.8e+06    0    1.9e+06    0       0       0    5.8e+06    0    3.9e+06    0       0       0    -1.2e+07    0    3.9e+06    0       0       0    1.2e+07    0    7.8e+06    0    
   0       0       0       0       0       0       0       0       0       0       0       0       0       0       0       0       0       0       0       0       0       0       0    1.0e+00 
----- Q_point = 0 ---------- Z_point = 0.5
 B Matrix =  
-0.789   0     0     0     0     0   0.789   0     0     0     0     0   -0.211   0     0     0     0     0   0.211   0     0     0     0     0   
  0   -0.789   0     0     0     0     0   -0.211   0     0     0     0     0   0.789   0     0     0     0     0   0.211   0     0     0     0   
  0     0     0     0     0     0     0     0     0     0     0     0     0     0     0     0     0     0     0     0     0     0     0     0   
-0.789 -0.789   0     0     0     0   -0.211 0.789   0     0     0     0   0.789 -0.211   0     0     0     0   0.211 0.211   0     0     0     0   
  0     0   -0.789 -0.622   0     0     0     0   -0.211 -0.167   0     0     0     0   0.789 -0.167   0     0     0     0   0.211 -0.045   0     0   
  0     0   -0.789   0   0.622   0     0     0   0.789   0   0.167   0     0     0   -0.211   0   0.167   0     0     0   0.211   0   0.045   0   
----- Q_point = 1 ---------- Z_point = 0.5
 B Matrix =  
-0.789   0     0     0     0     0   0.789   0     0     0     0     0   -0.211   0     0     0     0     0   0.211   0     0     0     0     0   
  0   -0.211   0     0     0     0     0   -0.789   0     0     0     0     0   0.211   0     0     0     0     0   0.789   0     0     0     0   
  0     0     0     0     0     0     0     0     0     0     0     0     0     0     0     0     0     0     0     0     0     0     0     0   
-0.211 -0.789   0     0     0     0   -0.789 0.789   0     0     0     0   0.211 -0.211   0     0     0     0   0.789 0.211   0     0     0     0   
  0     0   -0.211 -0.167   0     0     0     0   -0.789 -0.622   0     0     0     0   0.211 -0.045   0     0     0     0   0.789 -0.167   0     0   
  0     0   -0.789   0   0.167   0     0     0   0.789   0   0.622   0     0     0   -0.211   0   0.045   0     0     0   0.211   0   0.167   0   
----- Q_point = 2 ---------- Z_point = 0.5
 B Matrix =  
-0.211   0     0     0     0     0   0.211   0     0     0     0     0   -0.789   0     0     0     0     0   0.789   0     0     0     0     0   
  0   -0.789   0     0     0     0     0   -0.211   0     0     0     0     0   0.789   0     0     0     0     0   0.211   0     0     0     0   
  0     0     0     0     0     0     0     0     0     0     0     0     0     0     0     0     0     0     0     0     0     0     0     0   
-0.789 -0.211   0     0     0     0   -0.211 0.211   0     0     0     0   0.789 -0.789   0     0     0     0   0.211 0.789   0     0     0     0   
  0     0   -0.789 -0.167   0     0     0     0   -0.211 -0.045   0     0     0     0   0.789 -0.622   0     0     0     0   0.211 -0.167   0     0   
  0     0   -0.211   0   0.167   0     0     0   0.211   0   0.045   0     0     0   -0.789   0   0.622   0     0     0   0.789   0   0.167   0   
----- Q_point = 3 ---------- Z_point = 0.5
 B Matrix =  
-0.211   0     0     0     0     0   0.211   0     0     0     0     0   -0.789   0     0     0     0     0   0.789   0     0     0     0     0   
  0   -0.211   0     0     0     0     0   -0.789   0     0     0     0     0   0.211   0     0     0     0     0   0.789   0     0     0     0   
  0     0     0     0     0     0     0     0     0     0     0     0     0     0     0     0     0     0     0     0     0     0     0     0   
-0.211 -0.211   0     0     0     0   -0.789 0.211   0     0     0     0   0.211 -0.789   0     0     0     0   0.789 0.789   0     0     0     0   
  0     0   -0.211 -0.045   0     0     0     0   -0.789 -0.167   0     0     0     0   0.211 -0.167   0     0     0     0   0.789 -0.622   0     0   
  0     0   -0.211   0   0.045   0     0     0   0.211   0   0.167   0     0     0   -0.789   0   0.167   0     0     0   0.789   0   0.622   0   
V1, V2, V3 = 

1 0 -0
0 -1 -0
0 0 1
WMU method K matrix = 

1.0e+08 3.5e+07    0       0       0       0    -6.1e+07 -7.0e+06    0       0       0       0    9.3e+06 7.0e+06    0       0       0       0    -5.1e+07 -3.5e+07    0       0       0       0    
3.5e+07 1.0e+08    0       0       0       0    7.0e+06 9.3e+06    0       0       0       0    -7.0e+06 -6.1e+07    0       0       0       0    -3.5e+07 -5.1e+07    0       0       0       0    
   0       0    4.7e+07 1.2e+07 -1.2e+07    0       0       0    -1.2e+07 5.8e+06 -1.2e+07    0       0       0    -1.2e+07 1.2e+07 -5.8e+06    0       0       0    -2.3e+07 5.8e+06 -5.8e+06    0    
   0       0    1.2e+07 7.8e+06    0       0       0       0    5.8e+06 3.9e+06    0       0       0       0    -1.2e+07 3.9e+06    0       0       0       0    -5.8e+06 1.9e+06    0       0    
   0       0    -1.2e+07    0    7.8e+06    0       0       0    1.2e+07    0    3.9e+06    0       0       0    -5.8e+06    0    3.9e+06    0       0       0    5.8e+06    0    1.9e+06    0    
   0       0       0       0       0    1.0e+00    0       0       0       0       0       0       0       0       0       0       0       0       0       0       0       0       0       0    
-6.1e+07 7.0e+06    0       0       0       0    1.0e+08 -3.5e+07    0       0       0       0    -5.1e+07 3.5e+07    0       0       0       0    9.3e+06 -7.0e+06    0       0       0       0    
-7.0e+06 9.3e+06    0       0       0       0    -3.5e+07 1.0e+08    0       0       0       0    3.5e+07 -5.1e+07    0       0       0       0    7.0e+06 -6.1e+07    0       0       0       0    
   0       0    -1.2e+07 5.8e+06 1.2e+07    0       0       0    4.7e+07 1.2e+07 1.2e+07    0       0       0    -2.3e+07 5.8e+06 5.8e+06    0       0       0    -1.2e+07 1.2e+07 5.8e+06    0    
   0       0    5.8e+06 3.9e+06    0       0       0       0    1.2e+07 7.8e+06    0       0       0       0    -5.8e+06 1.9e+06    0       0       0       0    -1.2e+07 3.9e+06    0       0    
   0       0    -1.2e+07    0    3.9e+06    0       0       0    1.2e+07    0    7.8e+06    0       0       0    -5.8e+06    0    1.9e+06    0       0       0    5.8e+06    0    3.9e+06    0    
   0       0       0       0       0       0       0       0       0       0       0    1.0e+00    0       0       0       0       0       0       0       0       0       0       0       0    
9.3e+06 -7.0e+06    0       0       0       0    -5.1e+07 3.5e+07    0       0       0       0    1.0e+08 -3.5e+07    0       0       0       0    -6.1e+07 7.0e+06    0       0       0       0    
7.0e+06 -6.1e+07    0       0       0       0    3.5e+07 -5.1e+07    0       0       0       0    -3.5e+07 1.0e+08    0       0       0       0    -7.0e+06 9.3e+06    0       0       0       0    
   0       0    -1.2e+07 -1.2e+07 -5.8e+06    0       0       0    -2.3e+07 -5.8e+06 -5.8e+06    0       0       0    4.7e+07 -1.2e+07 -1.2e+07    0       0       0    -1.2e+07 -5.8e+06 -1.2e+07    0    
   0       0    1.2e+07 3.9e+06    0       0       0       0    5.8e+06 1.9e+06    0       0       0       0    -1.2e+07 7.8e+06    0       0       0       0    -5.8e+06 3.9e+06    0       0    
   0       0    -5.8e+06    0    3.9e+06    0       0       0    5.8e+06    0    1.9e+06    0       0       0    -1.2e+07    0    7.8e+06    0       0       0    1.2e+07    0    3.9e+06    0    
   0       0       0       0       0       0       0       0       0       0       0       0       0       0       0       0       0    1.0e+00    0       0       0       0       0       0    
-5.1e+07 -3.5e+07    0       0       0       0    9.3e+06 7.0e+06    0       0       0       0    -6.1e+07 -7.0e+06    0       0       0       0    1.0e+08 3.5e+07    0       0       0       0    
-3.5e+07 -5.1e+07    0       0       0       0    -7.0e+06 -6.1e+07    0       0       0       0    7.0e+06 9.3e+06    0       0       0       0    3.5e+07 1.0e+08    0       0       0       0    
   0       0    -2.3e+07 -5.8e+06 5.8e+06    0       0       0    -1.2e+07 -1.2e+07 5.8e+06    0       0       0    -1.2e+07 -5.8e+06 1.2e+07    0       0       0    4.7e+07 -1.2e+07 1.2e+07    0    
   0       0    5.8e+06 1.9e+06    0       0       0       0    1.2e+07 3.9e+06    0       0       0       0    -5.8e+06 3.9e+06    0       0       0       0    -1.2e+07 7.8e+06    0       0    
   0       0    -5.8e+06    0    1.9e+06    0       0       0    5.8e+06    0    3.9e+06    0       0       0    -1.2e+07    0    3.9e+06    0       0       0    1.2e+07    0    7.8e+06    0    
   0       0       0       0       0       0       0       0       0       0       0       0       0       0       0       0       0       0       0       0       0       0       0    1.0e+00 
----- Q_point = 0 ---------- Z_point = 0.5
 B Matrix =  
-0.789   0     0     0     0     0   0.789   0     0     0     0     0   -0.211   0     0     0     0     0   0.211   0     0     0     0     0   
  0   -0.789   0     0     0     0     0   -0.211   0     0     0     0     0   0.789   0     0     0     0     0   0.211   0     0     0     0   
  0     0     0     0     0     0     0     0     0     0     0     0     0     0     0     0     0     0     0     0     0     0     0     0   
-0.789 -0.789   0     0     0     0   -0.211 0.789   0     0     0     0   0.789 -0.211   0     0     0     0   0.211 0.211   0     0     0     0   
  0     0   -0.789 -0.622   0     0     0     0   -0.211 -0.167   0     0     0     0   0.789 -0.167   0     0     0     0   0.211 -0.045   0     0   
  0     0   -0.789   0   0.622   0     0     0   0.789   0   0.167   0     0     0   -0.211   0   0.167   0     0     0   0.211   0   0.045   0   
----- Q_point = 1 ---------- Z_point = 0.5
 B Matrix =  
-0.789   0     0     0     0     0   0.789   0     0     0     0     0   -0.211   0     0     0     0     0   0.211   0     0     0     0     0   
  0   -0.211   0     0     0     0     0   -0.789   0     0     0     0     0   0.211   0     0     0     0     0   0.789   0     0     0     0   
  0     0     0     0     0     0     0     0     0     0     0     0     0     0     0     0     0     0     0     0     0     0     0     0   
-0.211 -0.789   0     0     0     0   -0.789 0.789   0     0     0     0   0.211 -0.211   0     0     0     0   0.789 0.211   0     0     0     0   
  0     0   -0.211 -0.167   0     0     0     0   -0.789 -0.622   0     0     0     0   0.211 -0.045   0     0     0     0   0.789 -0.167   0     0   
  0     0   -0.789   0   0.167   0     0     0   0.789   0   0.622   0     0     0   -0.211   0   0.045   0     0     0   0.211   0   0.167   0   
----- Q_point = 2 ---------- Z_point = 0.5
 B Matrix =  
-0.211   0     0     0     0     0   0.211   0     0     0     0     0   -0.789   0     0     0     0     0   0.789   0     0     0     0     0   
  0   -0.789   0     0     0     0     0   -0.211   0     0     0     0     0   0.789   0     0     0     0     0   0.211   0     0     0     0   
  0     0     0     0     0     0     0     0     0     0     0     0     0     0     0     0     0     0     0     0     0     0     0     0   
-0.789 -0.211   0     0     0     0   -0.211 0.211   0     0     0     0   0.789 -0.789   0     0     0     0   0.211 0.789   0     0     0     0   
  0     0   -0.789 -0.167   0     0     0     0   -0.211 -0.045   0     0     0     0   0.789 -0.622   0     0     0     0   0.211 -0.167   0     0   
  0     0   -0.211   0   0.167   0     0     0   0.211   0   0.045   0     0     0   -0.789   0   0.622   0     0     0   0.789   0   0.167   0   
----- Q_point = 3 ---------- Z_point = 0.5
 B Matrix =  
-0.211   0     0     0     0     0   0.211   0     0     0     0     0   -0.789   0     0     0     0     0   0.789   0     0     0     0     0   
  0   -0.211   0     0     0     0     0   -0.789   0     0     0     0     0   0.211   0     0     0     0     0   0.789   0     0     0     0   
  0     0     0     0     0     0     0     0     0     0     0     0     0     0     0     0     0     0     0     0     0     0     0     0   
-0.211 -0.211   0     0     0     0   -0.789 0.211   0     0     0     0   0.211 -0.789   0     0     0     0   0.789 0.789   0     0     0     0   
  0     0   -0.211 -0.045   0     0     0     0   -0.789 -0.167   0     0     0     0   0.211 -0.167   0     0     0     0   0.789 -0.622   0     0   
  0     0   -0.211   0   0.045   0     0     0   0.211   0   0.167   0     0     0   -0.789   0   0.167   0     0     0   0.789   0   0.622   0   
V1, V2, V3 = 

1 0 -0
0 -1 -0
0 0 1
WMU method K matrix = 

1.0e+08 3.5e+07    0       0       0       0    -6.1e+07 -7.0e+06    0       0       0       0    9.3e+06 7.0e+06    0       0       0       0    -5.1e+07 -3.5e+07    0       0       0       0    
3.5e+07 1.0e+08    0       0       0       0    7.0e+06 9.3e+06    0       0       0       0    -7.0e+06 -6.1e+07    0       0       0       0    -3.5e+07 -5.1e+07    0       0       0       0    
   0       0    4.7e+07 1.2e+07 -1.2e+07    0       0       0    -1.2e+07 5.8e+06 -1.2e+07    0       0       0    -1.2e+07 1.2e+07 -5.8e+06    0       0       0    -2.3e+07 5.8e+06 -5.8e+06    0    
   0       0    1.2e+07 7.8e+06    0       0       0       0    5.8e+06 3.9e+06    0       0       0       0    -1.2e+07 3.9e+06    0       0       0       0    -5.8e+06 1.9e+06    0       0    
   0       0    -1.2e+07    0    7.8e+06    0       0       0    1.2e+07    0    3.9e+06    0       0       0    -5.8e+06    0    3.9e+06    0       0       0    5.8e+06    0    1.9e+06    0    
   0       0       0       0       0    1.0e+00    0       0       0       0       0       0       0       0       0       0       0       0       0       0       0       0       0       0    
-6.1e+07 7.0e+06    0       0       0       0    1.0e+08 -3.5e+07    0       0       0       0    -5.1e+07 3.5e+07    0       0       0       0    9.3e+06 -7.0e+06    0       0       0       0    
-7.0e+06 9.3e+06    0       0       0       0    -3.5e+07 1.0e+08    0       0       0       0    3.5e+07 -5.1e+07    0       0       0       0    7.0e+06 -6.1e+07    0       0       0       0    
   0       0    -1.2e+07 5.8e+06 1.2e+07    0       0       0    4.7e+07 1.2e+07 1.2e+07    0       0       0    -2.3e+07 5.8e+06 5.8e+06    0       0       0    -1.2e+07 1.2e+07 5.8e+06    0    
   0       0    5.8e+06 3.9e+06    0       0       0       0    1.2e+07 7.8e+06    0       0       0       0    -5.8e+06 1.9e+06    0       0       0       0    -1.2e+07 3.9e+06    0       0    
   0       0    -1.2e+07    0    3.9e+06    0       0       0    1.2e+07    0    7.8e+06    0       0       0    -5.8e+06    0    1.9e+06    0       0       0    5.8e+06    0    3.9e+06    0    
   0       0       0       0       0       0       0       0       0       0       0    1.0e+00    0       0       0       0       0       0       0       0       0       0       0       0    
9.3e+06 -7.0e+06    0       0       0       0    -5.1e+07 3.5e+07    0       0       0       0    1.0e+08 -3.5e+07    0       0       0       0    -6.1e+07 7.0e+06    0       0       0       0    
7.0e+06 -6.1e+07    0       0       0       0    3.5e+07 -5.1e+07    0       0       0       0    -3.5e+07 1.0e+08    0       0       0       0    -7.0e+06 9.3e+06    0       0       0       0    
   0       0    -1.2e+07 -1.2e+07 -5.8e+06    0       0       0    -2.3e+07 -5.8e+06 -5.8e+06    0       0       0    4.7e+07 -1.2e+07 -1.2e+07    0       0       0    -1.2e+07 -5.8e+06 -1.2e+07    0    
   0       0    1.2e+07 3.9e+06    0       0       0       0    5.8e+06 1.9e+06    0       0       0       0    -1.2e+07 7.8e+06    0       0       0       0    -5.8e+06 3.9e+06    0       0    
   0       0    -5.8e+06    0    3.9e+06    0       0       0    5.8e+06    0    1.9e+06    0       0       0    -1.2e+07    0    7.8e+06    0       0       0    1.2e+07    0    3.9e+06    0    
   0       0       0       0       0       0       0       0       0       0       0       0       0       0       0       0       0    1.0e+00    0       0       0       0       0       0    
-5.1e+07 -3.5e+07    0       0       0       0    9.3e+06 7.0e+06    0       0       0       0    -6.1e+07 -7.0e+06    0       0       0       0    1.0e+08 3.5e+07    0       0       0       0    
-3.5e+07 -5.1e+07    0       0       0       0    -7.0e+06 -6.1e+07    0       0       0       0    7.0e+06 9.3e+06    0       0       0       0    3.5e+07 1.0e+08    0       0       0       0    
   0       0    -2.3e+07 -5.8e+06 5.8e+06    0       0       0    -1.2e+07 -1.2e+07 5.8e+06    0       0       0    -1.2e+07 -5.8e+06 1.2e+07    0       0       0    4.7e+07 -1.2e+07 1.2e+07    0    
   0       0    5.8e+06 1.9e+06    0       0       0       0    1.2e+07 3.9e+06    0       0       0       0    -5.8e+06 3.9e+06    0       0       0       0    -1.2e+07 7.8e+06    0       0    
   0       0    -5.8e+06    0    1.9e+06    0       0       0    5.8e+06    0    3.9e+06    0       0       0    -1.2e+07    0    3.9e+06    0       0       0    1.2e+07    0    7.8e+06    0    
   0       0       0       0       0       0       0       0       0       0       0       0       0       0       0       0       0       0       0       0       0       0       0    1.0e+00 
----- Q_point = 0 ---------- Z_point = 0.5
 B Matrix =  
-0.789   0     0     0     0     0   0.789   0     0     0     0     0   -0.211   0     0     0     0     0   0.211   0     0     0     0     0   
  0   -0.789   0     0     0     0     0   -0.211   0     0     0     0     0   0.789   0     0     0     0     0   0.211   0     0     0     0   
  0     0     0     0     0     0     0     0     0     0     0     0     0     0     0     0     0     0     0     0     0     0     0     0   
-0.789 -0.789   0     0     0     0   -0.211 0.789   0     0     0     0   0.789 -0.211   0     0     0     0   0.211 0.211   0     0     0     0   
  0     0   -0.789 -0.622   0     0     0     0   -0.211 -0.167   0     0     0     0   0.789 -0.167   0     0     0     0   0.211 -0.045   0     0   
  0     0   -0.789   0   0.622   0     0     0   0.789   0   0.167   0     0     0   -0.211   0   0.167   0     0     0   0.211   0   0.045   0   
----- Q_point = 1 ---------- Z_point = 0.5
 B Matrix =  
-0.789   0     0     0     0     0   0.789   0     0     0     0     0   -0.211   0     0     0     0     0   0.211   0     0     0     0     0   
  0   -0.211   0     0     0     0     0   -0.789   0     0     0     0     0   0.211   0     0     0     0     0   0.789   0     0     0     0   
  0     0     0     0     0     0     0     0     0     0     0     0     0     0     0     0     0     0     0     0     0     0     0     0   
-0.211 -0.789   0     0     0     0   -0.789 0.789   0     0     0     0   0.211 -0.211   0     0     0     0   0.789 0.211   0     0     0     0   
  0     0   -0.211 -0.167   0     0     0     0   -0.789 -0.622   0     0     0     0   0.211 -0.045   0     0     0     0   0.789 -0.167   0     0   
  0     0   -0.789   0   0.167   0     0     0   0.789   0   0.622   0     0     0   -0.211   0   0.045   0     0     0   0.211   0   0.167   0   
----- Q_point = 2 ---------- Z_point = 0.5
 B Matrix =  
-0.211   0     0     0     0     0   0.211   0     0     0     0     0   -0.789   0     0     0     0     0   0.789   0     0     0     0     0   
  0   -0.789   0     0     0     0     0   -0.211   0     0     0     0     0   0.789   0     0     0     0     0   0.211   0     0     0     0   
  0     0     0     0     0     0     0     0     0     0     0     0     0     0     0     0     0     0     0     0     0     0     0     0   
-0.789 -0.211   0     0     0     0   -0.211 0.211   0     0     0     0   0.789 -0.789   0     0     0     0   0.211 0.789   0     0     0     0   
  0     0   -0.789 -0.167   0     0     0     0   -0.211 -0.045   0     0     0     0   0.789 -0.622   0     0     0     0   0.211 -0.167   0     0   
  0     0   -0.211   0   0.167   0     0     0   0.211   0   0.045   0     0     0   -0.789   0   0.622   0     0     0   0.789   0   0.167   0   
----- Q_point = 3 ---------- Z_point = 0.5
 B Matrix =  
-0.211   0     0     0     0     0   0.211   0     0     0     0     0   -0.789   0     0     0     0     0   0.789   0     0     0     0     0   
  0   -0.211   0     0     0     0     0   -0.789   0     0     0     0     0   0.211   0     0     0     0     0   0.789   0     0     0     0   
  0     0     0     0     0     0     0     0     0     0     0     0     0     0     0     0     0     0     0     0     0     0     0     0   
-0.211 -0.211   0     0     0     0   -0.789 0.211   0     0     0     0   0.211 -0.789   0     0     0     0   0.789 0.789   0     0     0     0   
  0     0   -0.211 -0.045   0     0     0     0   -0.789 -0.167   0     0     0     0   0.211 -0.167   0     0     0     0   0.789 -0.622   0     0   
  0     0   -0.211   0   0.045   0     0     0   0.211   0   0.167   0     0     0   -0.789   0   0.167   0     0     0   0.789   0   0.622   0   
V1, V2, V3 = 

1 0 -0
0 -1 -0
0 0 1
WMU method K matrix = 

1.0e+08 3.5e+07    0       0       0       0    -6.1e+07 -7.0e+06    0       0       0       0    9.3e+06 7.0e+06    0       0       0       0    -5.1e+07 -3.5e+07    0       0       0       0    
3.5e+07 1.0e+08    0       0       0       0    7.0e+06 9.3e+06    0       0       0       0    -7.0e+06 -6.1e+07    0       0       0       0    -3.5e+07 -5.1e+07    0       0       0       0    
   0       0    4.7e+07 1.2e+07 -1.2e+07    0       0       0    -1.2e+07 5.8e+06 -1.2e+07    0       0       0    -1.2e+07 1.2e+07 -5.8e+06    0       0       0    -2.3e+07 5.8e+06 -5.8e+06    0    
   0       0    1.2e+07 7.8e+06    0       0       0       0    5.8e+06 3.9e+06    0       0       0       0    -1.2e+07 3.9e+06    0       0       0       0    -5.8e+06 1.9e+06    0       0    
   0       0    -1.2e+07    0    7.8e+06    0       0       0    1.2e+07    0    3.9e+06    0       0       0    -5.8e+06    0    3.9e+06    0       0       0    5.8e+06    0    1.9e+06    0    
   0       0       0       0       0    1.0e+00    0       0       0       0       0       0       0       0       0       0       0       0       0       0       0       0       0       0    
-6.1e+07 7.0e+06    0       0       0       0    1.0e+08 -3.5e+07    0       0       0       0    -5.1e+07 3.5e+07    0       0       0       0    9.3e+06 -7.0e+06    0       0       0       0    
-7.0e+06 9.3e+06    0       0       0       0    -3.5e+07 1.0e+08    0       0       0       0    3.5e+07 -5.1e+07    0       0       0       0    7.0e+06 -6.1e+07    0       0       0       0    
   0       0    -1.2e+07 5.8e+06 1.2e+07    0       0       0    4.7e+07 1.2e+07 1.2e+07    0       0       0    -2.3e+07 5.8e+06 5.8e+06    0       0       0    -1.2e+07 1.2e+07 5.8e+06    0    
   0       0    5.8e+06 3.9e+06    0       0       0       0    1.2e+07 7.8e+06    0       0       0       0    -5.8e+06 1.9e+06    0       0       0       0    -1.2e+07 3.9e+06    0       0    
   0       0    -1.2e+07    0    3.9e+06    0       0       0    1.2e+07    0    7.8e+06    0       0       0    -5.8e+06    0    1.9e+06    0       0       0    5.8e+06    0    3.9e+06    0    
   0       0       0       0       0       0       0       0       0       0       0    1.0e+00    0       0       0       0       0       0       0       0       0       0       0       0    
9.3e+06 -7.0e+06    0       0       0       0    -5.1e+07 3.5e+07    0       0       0       0    1.0e+08 -3.5e+07    0       0       0       0    -6.1e+07 7.0e+06    0       0       0       0    
7.0e+06 -6.1e+07    0       0       0       0    3.5e+07 -5.1e+07    0       0       0       0    -3.5e+07 1.0e+08    0       0       0       0    -7.0e+06 9.3e+06    0       0       0       0    
   0       0    -1.2e+07 -1.2e+07 -5.8e+06    0       0       0    -2.3e+07 -5.8e+06 -5.8e+06    0       0       0    4.7e+07 -1.2e+07 -1.2e+07    0       0       0    -1.2e+07 -5.8e+06 -1.2e+07    0    
   0       0    1.2e+07 3.9e+06    0       0       0       0    5.8e+06 1.9e+06    0       0       0       0    -1.2e+07 7.8e+06    0       0       0       0    -5.8e+06 3.9e+06    0       0    
   0       0    -5.8e+06    0    3.9e+06    0       0       0    5.8e+06    0    1.9e+06    0       0       0    -1.2e+07    0    7.8e+06    0       0       0    1.2e+07    0    3.9e+06    0    
   0       0       0       0       0       0       0       0       0       0       0       0       0       0       0       0       0    1.0e+00    0       0       0       0       0       0    
-5.1e+07 -3.5e+07    0       0       0       0    9.3e+06 7.0e+06    0       0       0       0    -6.1e+07 -7.0e+06    0       0       0       0    1.0e+08 3.5e+07    0       0       0       0    
-3.5e+07 -5.1e+07    0       0       0       0    -7.0e+06 -6.1e+07    0       0       0       0    7.0e+06 9.3e+06    0       0       0       0    3.5e+07 1.0e+08    0       0       0       0    
   0       0    -2.3e+07 -5.8e+06 5.8e+06    0       0       0    -1.2e+07 -1.2e+07 5.8e+06    0       0       0    -1.2e+07 -5.8e+06 1.2e+07    0       0       0    4.7e+07 -1.2e+07 1.2e+07    0    
   0       0    5.8e+06 1.9e+06    0       0       0       0    1.2e+07 3.9e+06    0       0       0       0    -5.8e+06 3.9e+06    0       0       0       0    -1.2e+07 7.8e+06    0       0    
   0       0    -5.8e+06    0    1.9e+06    0       0       0    5.8e+06    0    3.9e+06    0       0       0    -1.2e+07    0    3.9e+06    0       0       0    1.2e+07    0    7.8e+06    0    
   0       0       0       0       0       0       0       0       0       0       0       0       0       0       0       0       0       0       0       0       0       0       0    1.0e+00 
