# Abaqus to UCD mesh conversion
# exported directly from shell_write_out_avs_ucd 
16	9	0	0	0
               1 	0.00000000e+00	0.00000000e+00	0.00000000e+00	
2 	0.00000000e+00	1.00000000e+00	0.00000000e+00	
3 	0.00000000e+00	2.00000000e+00	0.00000000e+00	
4 	0.00000000e+00	3.00000000e+00	0.00000000e+00	
5 	1.00000000e+00	0.00000000e+00	0.00000000e+00	
6 	1.00000000e+00	1.00000000e+00	0.00000000e+00	
7 	1.00000000e+00	2.00000000e+00	0.00000000e+00	
8 	1.00000000e+00	3.00000000e+00	0.00000000e+00	
9 	2.00000000e+00	0.00000000e+00	0.00000000e+00	
10 	2.00000000e+00	1.00000000e+00	0.00000000e+00	
11 	2.00000000e+00	2.00000000e+00	0.00000000e+00	
12 	2.00000000e+00	3.00000000e+00	0.00000000e+00	
13 	3.00000000e+00	0.00000000e+00	0.00000000e+00	
14 	3.00000000e+00	1.00000000e+00	0.00000000e+00	
15 	3.00000000e+00	2.00000000e+00	0.00000000e+00	
16 	3.00000000e+00	3.00000000e+00	0.00000000e+00	
1	0	quad	1	5	6	2	
2	0	quad	2	6	7	3	
3	0	quad	3	7	8	4	
4	0	quad	5	9	10	6	
5	0	quad	6	10	11	7	
6	0	quad	7	11	12	8	
7	0	quad	9	13	14	10	
8	0	quad	10	14	15	11	
9	0	quad	11	15	16	12	
