# Abaqus to UCD mesh conversion
# exported directly from shell_write_out_avs_ucd 
16	9	0	0	0
               1 	1.00000000e+01	1.00000000e+01	1.00000000e+01	
2 	1.00000000e+01	1.10000000e+01	1.00000000e+01	
3 	1.00000000e+01	1.20000000e+01	1.00000000e+01	
4 	1.00000000e+01	1.30000000e+01	1.00000000e+01	
5 	1.10000000e+01	1.00000000e+01	1.00000000e+01	
6 	1.10000000e+01	1.10000000e+01	1.00000000e+01	
7 	1.10000000e+01	1.20000000e+01	1.00000000e+01	
8 	1.10000000e+01	1.30000000e+01	1.00000000e+01	
9 	1.20000000e+01	1.00000000e+01	1.00000000e+01	
10 	1.20000000e+01	1.10000000e+01	1.00000000e+01	
11 	1.20000000e+01	1.20000000e+01	1.00000000e+01	
12 	1.20000000e+01	1.30000000e+01	1.00000000e+01	
13 	1.30000000e+01	1.00000000e+01	1.00000000e+01	
14 	1.30000000e+01	1.10000000e+01	1.00000000e+01	
15 	1.30000000e+01	1.20000000e+01	1.00000000e+01	
16 	1.30000000e+01	1.30000000e+01	1.00000000e+01	
1	0	quad	1	2	6	5	
2	0	quad	2	3	7	6	
3	0	quad	3	4	8	7	
4	0	quad	5	6	10	9	
5	0	quad	6	7	11	10	
6	0	quad	7	8	12	11	
7	0	quad	9	10	14	13	
8	0	quad	10	11	15	14	
9	0	quad	11	12	16	15	
