# Abaqus to UCD mesh conversion
# Mesh type: AVS UCD
16	9	0	0	0
               1	0.00000000e+00	0.00000000e+00	0.00000000e+00	
2	0.00000000e+00	1.00000000e+00	0.00000000e+00	
3	0.00000000e+00	2.00000000e+00	0.00000000e+00	
4	0.00000000e+00	3.00000000e+00	0.00000000e+00	
5	1.00000000e+00	0.00000000e+00	0.00000000e+00	
6	1.00000000e+00	1.00000000e+00	0.00000000e+00	
7	1.00000000e+00	2.00000000e+00	0.00000000e+00	
8	1.00000000e+00	3.00000000e+00	0.00000000e+00	
9	2.00000000e+00	0.00000000e+00	0.00000000e+00	
10	2.00000000e+00	1.00000000e+00	0.00000000e+00	
11	2.00000000e+00	2.00000000e+00	0.00000000e+00	
12	2.00000000e+00	3.00000000e+00	0.00000000e+00	
13	3.00000000e+00	0.00000000e+00	0.00000000e+00	
14	3.00000000e+00	1.00000000e+00	0.00000000e+00	
15	3.00000000e+00	2.00000000e+00	0.00000000e+00	
16	3.00000000e+00	3.00000000e+00	0.00000000e+00	
1	0	quad	1	2	6	5	
2	0	quad	2	3	7	6	
3	0	quad	3	4	8	7	
4	0	quad	5	6	10	9	
5	0	quad	6	7	11	10	
6	0	quad	7	8	12	11
7	0	quad	9	10	14	13
8	0	quad	10	11	15	14
9	0	quad	11	12	16	15
